8
1, 138000,   9300,     9300
   0.3,      0.3,      0.3
   4600,     2300,     4600
   0.25,     0.0
2, 138000,   9300,     9300
   0.3,      0.3,      0.3
   4600,     2300,     4600
   0.25,     30.0
3, 25.0E+06, 1.0E+06,  1.0E+06
   0.25,     0.25,     0.25
   0.5E+06,  0.2E+06,  0.5E+06
   0.02,     0.0
4, 0.04E+06, 0.04E+06, 0.5E+06
   0.25,     0.1,      0.1
   0.016E+06,0.06E+06, 0.06E+06
   1.0,      0.0
5, 25.0E+06, 1.0E+06,  1.0E+06
   0.25,     0.25,     0.25
   0.5E+06   0.2E+06   0.5E+06
   0.02,     30.0
6, 25.0E+06, 1.0E+06,  1.0E+06
   0.25,     0.25,     0.25
   0.5E+06,  0.2E+06,  0.5E+06
   0.02,     45.0
7, 25.0E+06, 1.0E+06   1.0E+06
   0.25,     0.25,     0.25
   0.5E+06,  0.2E+06,  0.5E+06
   0.02,     90.0
8, 7.0E+06,  7.0E+06,  7.0E+06
   0.3,      0.3,      0.3
   2.69E+06, 2.69E+06, 2.69E+06
   0.001,    0.0
20
3,8,5,3,-6,7,6,3,-5,3,4,3,5,3,-6,7,6,3,-5,3
